15
0	1	1
0	
0	
0
1	3	3
1	2	3	
1	2	3	
1
0	2	3
2	5	4
4	5	6	7	8	
4	5	6	7	
11
1	2	4
2	8	4
3	0	5
4	1	5
5	6	5
6	0	6
7	1	6
8	2	6
9	3	6
10	6	6
11	0	7
3	3	1
9	10	11	
8	
4
12	2	8
13	5	8
14	7	8
15	10	8
4	2	1
12	13	
9	
1
16	12	9
5	4	3
14	15	16	17	
10	11	12	
13
17	8	10
18	10	10
19	12	10
20	8	11
21	9	11
22	11	11
23	14	11
24	17	11
25	8	12
26	10	12
27	13	12
28	14	12
29	17	12
6	1	3
18	
13	14	15	
11
30	9	13
31	11	13
32	14	13
33	16	13
34	13	14
35	14	14
36	18	14
37	12	15
38	13	15
39	15	15
40	17	15
7	4	5
19	20	21	22	
16	17	18	19	20	
13
41	21	16
42	22	16
43	22	17
44	14	18
45	15	18
46	17	18
47	19	18
48	18	19
49	21	19
50	16	20
51	18	20
52	21	20
53	22	20
8	5	4
23	24	25	26	27	
21	22	23	24	
13
54	20	21
55	21	21
56	18	22
57	20	22
58	19	23
59	20	23
60	23	23
61	24	23
62	26	23
63	20	24
64	22	24
65	26	24
66	27	24
9	4	4
28	29	30	31	
25	26	27	28	
12
67	30	25
68	23	26
69	26	26
70	30	26
71	31	26
72	23	27
73	24	27
74	26	27
75	28	27
76	31	27
77	25	28
78	30	28
10	4	3
32	33	34	35	
29	30	31	
7
79	26	29
80	32	29
81	34	29
82	33	30
83	34	30
84	26	31
85	31	31
11	1	2
36	
32	33	
8
86	28	32
87	31	32
88	36	32
89	27	33
90	31	33
91	32	33
92	35	33
93	36	33
12	1	5
37	
34	35	36	37	38	
18
94	29	34
95	31	34
96	34	34
97	35	34
98	37	34
99	29	35
100	31	35
101	34	35
102	28	36
103	31	36
104	36	36
105	34	37
106	36	37
107	28	38
108	30	38
109	31	38
110	32	38
111	34	38
13	2	3
38	39	
39	40	41	
7
112	33	39
113	30	40
114	31	40
115	32	40
116	33	40
117	39	40
118	36	41
14	2	3
40	41	
42	43	44	
10
119	39	42
120	41	42
121	32	43
122	33	43
123	36	43
124	37	43
125	40	43
126	36	44
127	37	44
128	40	44
